36351,6461,16509
9957,4766,2914
9957,4766,3257
36351,6461,6939
14061,3356,16509
36351,6461,4837
32097,6939,16509
9957,4766,3257,16509
9957,4766,3257,16509
14061,6453,3491
6939,209,16509
27446,2828,16509
1299,209,4637,1221
57695,3223,6762
38001,60068,1273,174
36351,3356,6453,4755
15605,12874,6762,16509
15605,12874,6762,16509
15576,8220,6939,6453,4755
36351,4637,12189
3356,2828,32787
36351,2914,9381
64050,3786,4837
29691,6830,9002,60280,60330
2497,2914,9381
14061,6453,2914
14061,6453,7843
14061,1299,12956,10429,26599
14061,2914,25091
14061,6453,56308
14061,3356,4637
27446,2828,6453,4755
14061,2914,2519
36351,6461,209
